66666
555
5555
66666666
555
5555
66666666
555
5555
66666666
555
5555
66666666
555
5555
66666666
555
5555
66666666
555
5555
66666666
555
5555
66666666
555
5555
66666666
555
5555
66666666
555
5555
66666666
555
5555
66666666
555
5555
66666666
555
5555
66666666
555
5555
66666666
555
5555
66666666
555
5555
66666666
555
5555
66666666
555
5555
66666666
555
5555
66666666
555
5555
66666666
555
5555
66666666
555
5555
66666666
555
5555
66666666
555
5555
66666666
555
5555
66666666
555
5555
66666666
555
5555
66666666
555
5555
66666666
555
5555
66666666
555
5555
66666666
555
5555
66666666
555
5555
66666666
555
5555
66666666
555
5555
66666666
555
5555
66666666
555
5555
66666666
555
5555
66666666
555
5555
66666666
555
5555
66666666
555
5555
66666666
555
5555
66666666
555
5555
66666666
555
5555
66666666
555
5555
66666666
555
5555
66666666
555
5555
66666666
555
5555
66666666
555
5555
66666666
555
5555
66666666
555
5555
66666666
555
5555
66666666
555
5555
66666666
555
5555
66666666



